20:30:19.737 -> Firmware Version: 0xB2 = (unknown)
20:30:19.737 -> Scan PICC to see UID, SAK, type, Firmware Version: 0xB2 = (unknown)
20:30:21.329 -> Scan PICC to see UID, SAK, type, and data blocks...
20:30:24.116 -> Card UID: F3 5E EA 24
20:30:24.149 -> Card SAK: 08
20:30:24.149 -> PICC type: MIFARE 1KB
20:30:24.182 -> Sector Block   0  1  2  3   4  5  6  7   8  9 10 11  12 13 14 15  AccessBits
20:30:24.248 ->   15     63   00 00 00 00  00 00 FF 07  80 69 FF FF  FF FF FF FF  [ 0 0 1 ] 
20:30:24.347 ->          62   00 00 00 00  00 00 00 00  00 00 00 00  00 00 00 00  [ 0 0 0 ] 
20:30:24.413 ->          61   00 00 00 00  00 00 00 00  00 00 00 00  00 00 00 00  [ 0 0 0 ] 
20:30:24.513 ->          60   00 00 00 00  00 00 00 00  00 00 00 00  00 00 00 00  [ 0 0 0 ] 
20:30:24.579 ->   14     59   00 00 00 00  00 00 FF 07  80 69 FF FF  FF FF FF FF  [ 0 0 1 ] 
20:30:24.679 ->          58   00 00 00 00  00 00 00 00  00 00 00 00  00 00 00 00  [ 0 0 0 ] 
20:30:24.745 ->          57   00 00 00 00  00 00 00 00  00 00 00 00  00 00 00 00  [ 0 0 0 ] 
20:30:24.844 ->          56   00 00 00 00  00 00 00 00  00 00 00 00  00 00 00 00  [ 0 0 0 ] 
20:30:24.910 ->   13     55   00 00 00 00  00 00 FF 07  80 69 FF FF  FF FF FF FF  [ 0 0 1 ] 
20:30:24.976 ->          54   00 00 00 00  00 00 00 00  00 00 00 00  00 00 00 00  [ 0 0 0 ] 
20:30:25.076 ->          53   00 00 00 00  00 00 00 00  00 00 00 00  00 00 00 00  [ 0 0 0 ] 
20:30:25.142 ->          52   00 00 00 00  00 00 00 00  00 00 00 00  00 00 00 00  [ 0 0 0 ] 
20:30:25.242 ->   12     51   00 00 00 00  00 00 FF 07  80 69 FF FF  FF FF FF FF  [ 0 0 1 ] 
20:30:25.308 ->          50   00 00 00 00  00 00 00 00  00 00 00 00  00 00 00 00  [ 0 0 0 ] 
20:30:25.408 ->          49   00 00 00 00  00 00 00 00  00 00 00 00  00 00 00 00  [ 0 0 0 ] 
20:30:25.474 ->          48   00 00 00 00  00 00 00 00  00 00 00 00  00 00 00 00  [ 0 0 0 ] 
20:30:25.573 ->   11     47   00 00 00 00  00 00 FF 07  80 69 FF FF  FF FF FF FF  [ 0 0 1 ] 
20:30:25.640 ->          46   00 00 00 00  00 00 00 00  00 00 00 00  00 00 00 00  [ 0 0 0 ] 
20:30:25.706 ->          45   00 00 00 00  00 00 00 00  00 00 00 00  00 00 00 00  [ 0 0 0 ] 
20:30:25.806 ->          44   00 00 00 00  00 00 00 00  00 00 00 00  00 00 00 00  [ 0 0 0 ] 
20:30:25.872 ->   10     43   00 00 00 00  00 00 FF 07  80 69 FF FF  FF FF FF FF  [ 0 0 1 ] 
20:30:25.972 ->          42   00 00 00 00  00 00 00 00  00 00 00 00  00 00 00 00  [ 0 0 0 ] 
20:30:26.038 ->          41   00 00 00 00  00 00 00 00  00 00 00 00  00 00 00 00  [ 0 0 0 ] 
20:30:26.137 ->          40   00 00 00 00  00 00 00 00  00 00 00 00  00 00 00 00  [ 0 0 0 ] 
20:30:26.204 ->    9     39   00 00 00 00  00 00 FF 07  80 69 FF FF  FF FF FF FF  [ 0 0 1 ] 
20:30:26.303 ->          38   00 00 00 00  00 00 00 00  00 00 00 00  00 00 00 00  [ 0 0 0 ] 
20:30:26.369 ->          37   00 00 00 00  00 00 00 00  00 00 00 00  00 00 00 00  [ 0 0 0 ] 
20:30:26.436 ->          36   00 00 00 00  00 00 00 00  00 00 00 00  00 00 00 00  [ 0 0 0 ] 
20:30:26.535 ->    8     35   00 00 00 00  00 00 FF 07  80 69 FF FF  FF FF FF FF  [ 0 0 1 ] 
20:30:26.602 ->          34   00 00 00 00  00 00 00 00  00 00 00 00  00 00 00 00  [ 0 0 0 ] 
20:30:26.701 ->          33   00 00 00 00  00 00 00 00  00 00 00 00  00 00 00 00  [ 0 0 0 ] 
20:30:26.768 ->          32   00 00 00 00  00 00 00 00  00 00 00 00  00 00 00 00  [ 0 0 0 ] 
20:30:26.867 ->    7     31   00 00 00 00  00 00 FF 07  80 69 FF FF  FF FF FF FF  [ 0 0 1 ] 
20:30:26.934 ->          30   00 00 00 00  00 00 00 00  00 00 00 00  00 00 00 00  [ 0 0 0 ] 
20:30:27.033 ->          29   00 00 00 00  00 00 00 00  00 00 00 00  00 00 00 00  [ 0 0 0 ] 
20:30:27.100 ->          28   00 00 00 00  00 00 00 00  00 00 00 00  00 00 00 00  [ 0 0 0 ] 
20:30:27.199 ->    6     27   00 00 00 00  00 00 FF 07  80 69 FF FF  FF FF FF FF  [ 0 0 1 ] 
20:30:27.265 ->          26   00 00 00 00  00 00 00 00  00 00 00 00  00 00 00 00  [ 0 0 0 ] 
20:30:27.332 ->          25   00 00 00 00  00 00 00 00  00 00 00 00  00 00 00 00  [ 0 0 0 ] 
20:30:27.431 ->          24   00 00 00 00  00 00 00 00  00 00 00 00  00 00 00 00  [ 0 0 0 ] 
20:30:27.497 ->    5     23   00 00 00 00  00 00 FF 07  80 69 FF FF  FF FF FF FF  [ 0 0 1 ] 
20:30:27.597 ->          22   00 00 00 00  00 00 00 00  00 00 00 00  00 00 00 00  [ 0 0 0 ] 
20:30:27.663 ->          21   00 00 00 00  00 00 00 00  00 00 00 00  00 00 00 00  [ 0 0 0 ] 
20:30:27.763 ->          20   00 00 00 00  00 00 00 00  00 00 00 00  00 00 00 00  [ 0 0 0 ] 
20:30:27.829 ->    4     19   00 00 00 00  00 00 FF 07  80 69 FF FF  FF FF FF FF  [ 0 0 1 ] 
20:30:27.929 ->          18   00 00 00 00  00 00 00 00  00 00 00 00  00 00 00 00  [ 0 0 0 ] 
20:30:27.995 ->          17   00 00 00 00  00 00 00 00  00 00 00 00  00 00 00 00  [ 0 0 0 ] 
20:30:28.061 ->          16   00 00 00 00  00 00 00 00  00 00 00 00  00 00 00 00  [ 0 0 0 ] 
20:30:28.161 ->    3     15   00 00 00 00  00 00 FF 07  80 69 FF FF  FF FF FF FF  [ 0 0 1 ] 
20:30:28.227 ->          14   00 00 00 00  00 00 00 00  00 00 00 00  00 00 00 00  [ 0 0 0 ] 
20:30:28.326 ->          13   00 00 00 00  00 00 00 00  00 00 00 00  00 00 00 00  [ 0 0 0 ] 
20:30:28.392 ->          12   00 00 00 00  00 00 00 00  00 00 00 00  00 00 00 00  [ 0 0 0 ] 
20:30:28.492 ->    2     11   00 00 00 00  00 00 FF 07  80 69 FF FF  FF FF FF FF  [ 0 0 1 ] 
20:30:28.558 ->          10   00 00 00 00  00 00 00 00  00 00 00 00  00 00 00 00  [ 0 0 0 ] 
20:30:28.658 ->           9   00 00 00 00  00 00 00 00  00 00 00 00  00 00 00 00  [ 0 0 0 ] 
20:30:28.724 ->           8   00 00 00 00  00 00 00 00  00 00 00 00  00 00 00 00  [ 0 0 0 ] 
20:30:28.791 ->    1      7   00 00 00 00  00 00 FF 07  80 69 FF FF  FF FF FF FF  [ 0 0 1 ] 
20:30:28.890 ->           6   00 00 00 00  00 00 00 00  00 00 00 00  00 00 00 00  [ 0 0 0 ] 
20:30:28.956 ->           5   20 20 20 20  20 20 20 20  20 20 20 20  20 20 32 34  [ 0 0 0 ] 
20:30:29.056 ->           4   0A 46 72 61  73 65 72 20  20 20 20 20  20 20 20 20  [ 0 0 0 ] 
20:30:29.122 ->    0      3   00 00 00 00  00 00 FF 07  80 69 FF FF  FF FF FF FF  [ 0 0 1 ] 
20:30:29.222 ->           2   20 20 20 20  20 20 20 20  20 20 20 20  20 20 32 34  [ 0 0 0 ] 
20:30:29.288 ->           1   43 6F 79 6C  65 20 20 20  20 20 20 20  20 20 20 20  [ 0 0 0 ] 
20:30:29.388 ->           0   F3 5E EA 24  63 08 04 00  62 63 64 65  66 67 68 69  [ 0 0 0 ] 
20:30:29.454 -> 
20:30:57.115 -> Card UID: F3 7D 10 F7
20:30:57.148 -> Card SAK: 08
20:30:57.148 -> PICC type: MIFARE 1KB
20:30:57.181 -> Sector Block   0  1  2  3   4  5  6  7   8  9 10 11  12 13 14 15  AccessBits
20:30:57.248 ->   15     63   00 00 00 00  00 00 FF 07  80 69 FF FF  FF FF FF FF  [ 0 0 1 ] 
20:30:57.348 ->          62   00 00 00 00  00 00 00 00  00 00 00 00  00 00 00 00  [ 0 0 0 ] 
20:30:57.414 ->          61   00 00 00 00  00 00 00 00  00 00 00 00  00 00 00 00  [ 0 0 0 ] 
20:30:57.513 ->          60   00 00 00 00  00 00 00 00  00 00 00 00  00 00 00 00  [ 0 0 0 ] 
20:30:57.580 ->   14     59   00 00 00 00  00 00 FF 07  80 69 FF FF  FF FF FF FF  [ 0 0 1 ] 
20:30:57.679 ->          58   00 00 00 00  00 00 00 00  00 00 00 00  00 00 00 00  [ 0 0 0 ] 
20:30:57.746 ->          57   00 00 00 00  00 00 00 00  00 00 00 00  00 00 00 00  [ 0 0 0 ] 
20:30:57.812 ->          56   00 00 00 00  00 00 00 00  00 00 00 00  00 00 00 00  [ 0 0 0 ] 
20:30:57.912 ->   13     55   00 00 00 00  00 00 FF 07  80 69 FF FF  FF FF FF FF  [ 0 0 1 ] 
20:30:57.978 ->          54   00 00 00 00  00 00 00 00  00 00 00 00  00 00 00 00  [ 0 0 0 ] 
20:30:58.077 ->          53   00 00 00 00  00 00 00 00  00 00 00 00  00 00 00 00  [ 0 0 0 ] 
20:30:58.144 ->          52   00 00 00 00  00 00 00 00  00 00 00 00  00 00 00 00  [ 0 0 0 ] 
20:30:58.243 ->   12     51   00 00 00 00  00 00 FF 07  80 69 FF FF  FF FF FF FF  [ 0 0 1 ] 
20:30:58.310 ->          50   00 00 00 00  00 00 00 00  00 00 00 00  00 00 00 00  [ 0 0 0 ] 
20:30:58.409 ->          49   00 00 00 00  00 00 00 00  00 00 00 00  00 00 00 00  [ 0 0 0 ] 
20:30:58.476 ->          48   00 00 00 00  00 00 00 00  00 00 00 00  00 00 00 00  [ 0 0 0 ] 
20:30:58.575 ->   11     47   00 00 00 00  00 00 FF 07  80 69 FF FF  FF FF FF FF  [ 0 0 1 ] 
20:30:58.641 ->          46   00 00 00 00  00 00 00 00  00 00 00 00  00 00 00 00  [ 0 0 0 ] 
20:30:58.741 ->          45   00 00 00 00  00 00 00 00  00 00 00 00  00 00 00 00  [ 0 0 0 ] 
20:30:58.807 ->          44   00 00 00 00  00 00 00 00  00 00 00 00  00 00 00 00  [ 0 0 0 ] 
20:30:58.873 ->   10     43   00 00 00 00  00 00 FF 07  80 69 FF FF  FF FF FF FF  [ 0 0 1 ] 
20:30:58.973 ->          42   00 00 00 00  00 00 00 00  00 00 00 00  00 00 00 00  [ 0 0 0 ] 
20:30:59.039 ->          41   00 00 00 00  00 00 00 00  00 00 00 00  00 00 00 00  [ 0 0 0 ] 
20:30:59.138 ->          40   00 00 00 00  00 00 00 00  00 00 00 00  00 00 00 00  [ 0 0 0 ] 
20:30:59.205 ->    9     39   00 00 00 00  00 00 FF 07  80 69 FF FF  FF FF FF FF  [ 0 0 1 ] 
20:30:59.304 ->          38   00 00 00 00  00 00 00 00  00 00 00 00  00 00 00 00  [ 0 0 0 ] 
20:30:59.371 ->          37   00 00 00 00  00 00 00 00  00 00 00 00  00 00 00 00  [ 0 0 0 ] 
20:30:59.470 ->          36   00 00 00 00  00 00 00 00  00 00 00 00  00 00 00 00  [ 0 0 0 ] 
20:30:59.536 ->    8     35   00 00 00 00  00 00 FF 07  80 69 FF FF  FF FF FF FF  [ 0 0 1 ] 
20:30:59.603 ->          34   00 00 00 00  00 00 00 00  00 00 00 00  00 00 00 00  [ 0 0 0 ] 
20:30:59.702 ->          33   00 00 00 00  00 00 00 00  00 00 00 00  00 00 00 00  [ 0 0 0 ] 
20:30:59.768 ->          32   00 00 00 00  00 00 00 00  00 00 00 00  00 00 00 00  [ 0 0 0 ] 
20:30:59.868 ->    7     31   00 00 00 00  00 00 FF 07  80 69 FF FF  FF FF FF FF  [ 0 0 1 ] 
20:30:59.934 ->          30   00 00 00 00  00 00 00 00  00 00 00 00  00 00 00 00  [ 0 0 0 ] 
20:31:00.034 ->          29   00 00 00 00  00 00 00 00  00 00 00 00  00 00 00 00  [ 0 0 0 ] 
20:31:00.100 ->          28   00 00 00 00  00 00 00 00  00 00 00 00  00 00 00 00  [ 0 0 0 ] 
20:31:00.199 ->    6     27   00 00 00 00  00 00 FF 07  80 69 FF FF  FF FF FF FF  [ 0 0 1 ] 
20:31:00.266 ->          26   00 00 00 00  00 00 00 00  00 00 00 00  00 00 00 00  [ 0 0 0 ] 
20:31:00.332 ->          25   00 00 00 00  00 00 00 00  00 00 00 00  00 00 00 00  [ 0 0 0 ] 
20:31:00.432 ->          24   00 00 00 00  00 00 00 00  00 00 00 00  00 00 00 00  [ 0 0 0 ] 
20:31:00.498 ->    5     23   00 00 00 00  00 00 FF 07  80 69 FF FF  FF FF FF FF  [ 0 0 1 ] 
20:31:00.597 ->          22   00 00 00 00  00 00 00 00  00 00 00 00  00 00 00 00  [ 0 0 0 ] 
20:31:00.664 ->          21   00 00 00 00  00 00 00 00  00 00 00 00  00 00 00 00  [ 0 0 0 ] 
20:31:00.763 ->          20   00 00 00 00  00 00 00 00  00 00 00 00  00 00 00 00  [ 0 0 0 ] 
20:31:00.830 ->    4     19   00 00 00 00  00 00 FF 07  80 69 FF FF  FF FF FF FF  [ 0 0 1 ] 
20:31:00.929 ->          18   00 00 00 00  00 00 00 00  00 00 00 00  00 00 00 00  [ 0 0 0 ] 
20:31:00.996 ->          17   00 00 00 00  00 00 00 00  00 00 00 00  00 00 00 00  [ 0 0 0 ] 
20:31:01.062 ->          16   00 00 00 00  00 00 00 00  00 00 00 00  00 00 00 00  [ 0 0 0 ] 
20:31:01.162 ->    3     15   00 00 00 00  00 00 FF 07  80 69 FF FF  FF FF FF FF  [ 0 0 1 ] 
20:31:01.228 ->          14   00 00 00 00  00 00 00 00  00 00 00 00  00 00 00 00  [ 0 0 0 ] 
20:31:01.327 ->          13   00 00 00 00  00 00 00 00  00 00 00 00  00 00 00 00  [ 0 0 0 ] 
20:31:01.394 ->          12   00 00 00 00  00 00 00 00  00 00 00 00  00 00 00 00  [ 0 0 0 ] 
20:31:01.493 ->    2     11   00 00 00 00  00 00 FF 07  80 69 FF FF  FF FF FF FF  [ 0 0 1 ] 
20:31:01.560 ->          10   00 00 00 00  00 00 00 00  00 00 00 00  00 00 00 00  [ 0 0 0 ] 
20:31:01.659 ->           9   00 00 00 00  00 00 00 00  00 00 00 00  00 00 00 00  [ 0 0 0 ] 
20:31:01.726 ->           8   00 00 00 00  00 00 00 00  00 00 00 00  00 00 00 00  [ 0 0 0 ] 
20:31:01.825 ->    1      7   00 00 00 00  00 00 FF 07  80 69 FF FF  FF FF FF FF  [ 0 0 1 ] 
20:31:01.891 ->           6   00 00 00 00  00 00 00 00  00 00 00 00  00 00 00 00  [ 0 0 0 ] 
20:31:01.958 ->           5   00 00 00 00  00 00 00 00  00 00 00 00  00 00 00 00  [ 0 0 0 ] 
20:31:02.057 ->           4   00 00 00 00  00 00 00 00  00 00 00 00  00 00 00 00  [ 0 0 0 ] 
20:31:02.123 ->    0      3   00 00 00 00  00 00 FF 07  80 69 FF FF  FF FF FF FF  [ 0 0 1 ] 
20:31:02.223 ->           2   00 00 00 00  00 00 00 00  00 00 00 00  00 00 00 00  [ 0 0 0 ] 
20:31:02.289 ->           1   00 00 00 00  00 00 00 00  00 00 00 00  00 00 00 00  [ 0 0 0 ] 
20:31:02.389 ->           0   F3 7D 10 F7  69 08 04 00  62 63 64 65  66 67 68 69  [ 0 0 0 ] 
20:31:02.455 -> 
